8.53332847881758e-07 7.39555134830857e-06 8.53332847881758e-07 1.13777713050901e-06 8.53332847881758e-07 2.01955440665349e-05 2.55999854364527e-06 1.30844370008536e-05
8.53332847881758e-07 8.24888419619032e-06 8.53332847881758e-07 5.68888565254505e-07 1.13777713050901e-06 1.59288798271261e-05 1.42222141313626e-06 2.44622083059437e-05
8.53332847881758e-07 6.82666278305406e-06 8.53332847881758e-07 5.68888565254505e-07 8.53332847881758e-07 1.53599912618716e-05 1.13777713050901e-06 1.19466598703446e-05
8.53332847881758e-07 8.24888419619032e-06 8.53332847881758e-07 8.53332847881758e-07 1.13777713050901e-06 2.95822053932343e-05 1.70666569576352e-06 2.50310968711982e-05
8.53332847881758e-07 7.11110706568131e-06 8.53332847881758e-07 8.53332847881758e-07 1.13777713050901e-06 2.9297761110607e-05 1.70666569576352e-06 1.25155484355991e-05
2.55999854364527e-06 1.45066584139899e-05 1.99110997839077e-06 1.70666569576352e-06 3.41333139152703e-06 0.000141368808465745 3.98221995678154e-06 3.55555353284066e-05
2.84444282627253e-06 2.90133168279798e-05 1.99110997839077e-06 1.70666569576352e-06 3.41333139152703e-06 0.000139377698487354 3.98221995678154e-06 2.33244311754347e-05
2.84444282627253e-06 1.90577669360259e-05 2.27555426101802e-06 1.70666569576352e-06 3.41333139152703e-06 0.000163271018228043 3.98221995678154e-06 2.2471098327553e-05
2.84444282627253e-06 1.64977683923806e-05 1.99110997839077e-06 1.70666569576352e-06 3.41333139152703e-06 0.000153315468336089 4.55110852203604e-06 2.19022097622984e-05
1.70666569576352e-05 2.90133168279798e-05 2.27555426101802e-06 1.70666569576352e-06 3.41333139152703e-06 0.000139377698487354 3.69777567415428e-06 2.19022097622984e-05
1.33688812834809e-05 3.75466453067973e-05 5.68888565254505e-06 5.4044413699178e-06 2.98666496758615e-05 0.0012441592922116 1.16622155877174e-05 6.11555207648593e-05
1.36533255661081e-05 5.26221922860417e-05 5.68888565254505e-06 2.01955440665349e-05 1.67822126750079e-05 0.00119068376707768 1.25155484355991e-05 6.94044049610496e-05
1.33688812834809e-05 4.23821981114606e-05 5.9733299351723e-06 8.24888419619032e-06 1.67822126750079e-05 0.00118755487996878 1.22311041529719e-05 5.00621937423965e-05
1.36533255661081e-05 3.86844224373063e-05 5.9733299351723e-06 5.68888565254505e-06 1.67822126750079e-05 0.00148081693535748 1.19466598703446e-05 5.66044122428233e-05
1.45066584139899e-05 4.55110852203604e-05 5.68888565254505e-06 6.25777421779956e-06 1.99110997839077e-05 0.00131157258719426 1.42222141313626e-05 5.6319967960196e-05
5.83110779385868e-05 0.000114631045898783 1.59288798271261e-05 1.73511012402624e-05 6.85510721131679e-05 0.0113615579809803 2.61688740017072e-05 9.32977247017388e-05
5.71733008080778e-05 7.62310677441037e-05 1.22311041529719e-05 1.70666569576352e-05 6.82666278305406e-05 0.0112949980188456 2.73066511322162e-05 0.000100693276050047
6.59910735695226e-05 0.000107235494550474 1.67822126750079e-05 1.87733226533987e-05 6.85510721131679e-05 0.0141661786076851 3.44177581978976e-05 0.000120035487268701
5.83110779385868e-05 7.62310677441037e-05 1.27999927182264e-05 2.98666496758615e-05 8.24888419619032e-05 0.0115979311798436 5.4044413699178e-05 0.000105813273137338
5.68888565254505e-05 0.000106951050267847 1.22311041529719e-05 1.70666569576352e-05 6.85510721131679e-05 0.0114116201747227 2.64533182843345e-05 9.35821689843661e-05
0.000216746543361966 0.000168959903880588 2.67377625669617e-05 5.6319967960196e-05 0.0002588442971908 0.0317337419470268 6.0871076482232e-05 0.000187448782251359
0.000218168764775103 0.000152746579770835 2.61688740017072e-05 5.60355236775688e-05 0.0002588442971908 0.0360715172570924 7.42399577657129e-05 0.000186595449403478
0.000213902100535694 0.000202239884947977 2.61688740017072e-05 5.60355236775688e-05 0.00032199092793405 0.0336500430790866 6.96888492436769e-05 0.000192853223621277
0.000263679849995463 0.000219875430470866 2.64533182843345e-05 5.6319967960196e-05 0.000303786493845906 0.0355367620057532 6.0871076482232e-05 0.000208497659165776
0.000225564316123411 0.000162133241097534 2.64533182843345e-05 6.94044049610496e-05 0.000256284298647155 0.0321049417358554 6.11555207648593e-05 0.000231537646058584
0.00134684367824004 0.000377457563046364 7.16799592220676e-05 0.000314026488020487 0.00159544798125626 0.858067707410371 0.000350150911914148 0.000433208642441306
0.00118215043859886 0.000355839797566693 9.81332775064021e-05 0.000318577596542523 0.00150840803077232 0.845333421321431 0.000170097681011097 0.000421261982570961
0.00139263920774303 0.000476444173400648 6.82666278305406e-05 0.000314879820868369 0.00168533237456647 0.847584797818426 0.000216746543361966 0.000503750824532864
0.00129962592732392 0.000370346455980683 7.8791066287749e-05 0.000316870930846759 0.00160455019830033 0.828187973297508 0.000177777676642033 0.00044515530231165
0.0011804437729031 0.000355270909001438 6.91199606784224e-05 0.000301510939584888 0.00154652356464437 0.844211004182184 0.00020394655064374 0.000484124169031584
0.00534869029052286 0.000703430710937196 0.000145919916987781 0.00112554602635604 0.006266591990561 2.46563642843794 0.000376319785915855 0.000985883883586057
0.00512141930870368 0.000938381688387306 0.000147626582683544 0.00121400819825311 0.00621482313112284 2.49174329358604 0.000377173118763737 0.000893155047449573
0.00517404150098972 0.000779661778681299 0.000162133241097534 0.00121116375542684 0.006803053907596 2.56067409881651 0.000401066438504426 0.00102769719313226
0.00523718813173297 0.000754630681810101 0.000167537682467452 0.0012347726308849 0.00635647638387121 2.51509218696978 0.000478719727661666 0.000871821726252529
0.00524316146166815 0.000720781812177458 0.000148195471248799 0.00118840821281666 0.0065535962717319 2.5146726316529 0.000420693094005707 0.000865279507752102
0.0209350992013658 0.00308906490933196 0.000319715373673032 0.00456988184468944 0.0262840739361713 0 0.00092245280856018 0.0016793590446313
0.0198687175857962 0.00158463909851642 0.000315448709433623 0.00498289494306421 0.0271416734482924 0 0.000921315031429671 0.00176327010800634
0.020166530749707 0.00140202586906973 0.000434346419571815 0.00463331291971532 0.0296868808892411 0 0.000887466161797028 0.00177919898783346
0.0206057127220834 0.00162673685234526 0.000323697593629813 0.00461738403988819 0.0268549536114042 0 0.000843092853707177 0.00182471007305383
0.0202652329157786 0.00217770542779425 0.000381155338720518 0.00472831731011282 0.0268475580600559 0 0.000872106170535156 0.00171975013276437
0.126278754828086 0.00348302024077071 0.000926150584234334 0.0308670402178616 0.167279122614544 0 0.00243854083496344 0.00465777512802126
0.124665671301307 0.00352142021892539 0.000872675059100411 0.0294613165731177 0.167782588994794 0 0.00240156307822189 0.00439523305515631
0.127430469728444 0.00353649576590463 0.000871252837687275 0.0294658676816397 0.168471513047317 0 0.00243740305783293 0.00581005891694426
0.126837118954883 0.00378510006892085 0.000883768386122874 0.0290232723778717 0.169528792445843 0 0.00247068303890032 0.00444813969172498
0.127448105273967 0.00383004226557596 0.000872675059100411 0.0289558590828891 0.167998197761025 0 0.00250566968566347 0.00461283293136615
0.510532829563546 0.007560813476515 0.00247893192309651 0.117658386398785 0.683291771282903 0 0.00573240562778702 0.00922822586127595
0.517333039028316 0.0078290444350325 0.00181333230174873 0.117930315132976 0.682917158162683 0 0.00545507245222545 0.008460510742465
0.497821014572934 0.0076808489637837 0.0019256877933865 0.117573053113996 0.672022657693777 0 0.00572557896500397 0.00890964826473343
0.509167497006935 0.0071975781276 0.00184035450859832 0.114762174713074 0.686422080613216 0 0.00625891199493007 0.00914459924218354
0.506261898659898 0.00811405760622501 0.00194190111749625 0.118578279208801 0.677347170220276 0 0.00539590804143898 0.00897620822686821
0 0.0152908713011932 0.00399388217236925 0 0 0 0.0120072465025442 0.0180494119541123
0 0.0143106763032597 0.00393357998445228 0 0 0 0.0119950153983912 0.0195438822150359
0 0.0167685593494418 0.00392021110316879 0 0 0 0.0120450775921336 0.0175860522177125
0 0.0148650582101002 0.00393130443019126 0 0 0 0.0118081355047051 0.0182692873845832
0 0.0146784627606967 0.00429994422047618 0 0 0 0.0119577531973671 0.0180599363925695
0 0.042338393691936 0.011132864777748 0 0 0 0.0356761397042405 0.0460708715685708
0 0.0382662893418443 0.0118636021398175 0 0 0 0.0371208322157043 0.0469281866364094
0 0.0389094178648645 0.0110179492875666 0 0 0 0.0330453145342211 0.0452439920389734
0 0.0394916753114025 0.0105073718002507 0 0 0 0.0335675542371247 0.0448904277956677
0 0.0380973294379637 0.0109121360144293 0 0 0 0.0350165134128279 0.047003279927023
0 0.0766864630405899 0.0228403070064031 0 0 0 0.0748822329558853 0.090371077477787
0 0.0784875642381857 0.0245179593853387 0 0 0 0.0709415418643673 0.0911953970088408
0 0.0782642754763233 0.0228149914652493 0 0 0 0.0708536485810355 0.0917347033687021
0 0.076534569793667 0.0223658539429809 0 0 0 0.0744476020920308 0.0900399843328089
0 0.0811769849304264 0.0224437916764207 0 0 0 0.0711924217216445 0.0914681790758804
0 0.155929226849151 0.0496636873024357 0 0 0 0.1536869525692 0.184304535151198
0 0.160786966307859 0.0483267991740876 0 0 0 0.157215768339474 0.184335539578004
0 0.156880408530256 0.0462236181483417 0 0 0 0.153231841716997 0.183390331226834
0 0.158690611944896 0.048068523765462 0 0 0 0.156398275471203 0.183617886652936
0 0.157418008224422 0.0456561518045003 0 0 0 0.15809982116988 0.181516981181451
0 0.40088610082924 0.120695966892961 0 0 0 0.431786421028169 0.466316250273422
0 0.393697340474402 0.121265139902498 0 0 0 0.435366152325033 0.456820362342194
0 0.391770514903885 0.121960037284957 0 0 0 0.448309789405986 0.454338301531988
0 0.392641483297289 0.124460586973533 0 0 0 0.437864995347914 0.460668324597575
0 0.399510812722738 0.124540515816951 0 0 0 0.431935185387983 0.453513697556652
0 0.803869693798574 0.267903278703913 0 0 0 0.921220311483556 0.919143299331812
0 0.79926141197573 0.262063637581575 0 0 0 0.996510153096446 0.955665376332586
0 0.799368363025998 0.284287838271808 0 0 0 0.943927783009972 0.922308310864605
0 0.811701867120716 0.268445713950883 0 0 0 0.946510537096228 0.916720687376676
0 0.786420174836523 0.270153232979494 0 0 0 0.968182346989598 0.925176362566336
0 8.22557370278474 5.89185513707797 0 0 0 13.2537279978792 9.22838742562849
0 8.23450838214634 5.86617209391099 0 0 0 13.1666189274346 9.19805258066342
0 8.24445198537843 5.87366976075676 0 0 0 13.127208603188 9.21335596751305
0 8.22555748946063 5.86352420208401 0 0 0 13.4122493654759 9.13738829517466
0 8.18487740593641 5.91244122314455 0 0 0 13.0659782735768 9.19896962903061
