1.20739116576032e-006 1.44886939891238e-005 1.20739116576032e-006 1.20739116576032e-006 1.20739116576032e-006 1.44886939891238e-005 1.81108674864048e-006 2.71663012296072e-005
1.20739116576032e-006 1.38849984062437e-005 1.20739116576032e-006 1.20739116576032e-006 1.20739116576032e-006 1.44886939891238e-005 1.81108674864048e-006 2.17330409836857e-005
1.20739116576032e-006 1.5092389572004e-005 1.20739116576032e-006 1.20739116576032e-006 1.20739116576032e-006 1.5092389572004e-005 1.81108674864048e-006 2.23367365665659e-005
6.03695582880159e-007 1.56960851548841e-005 1.20739116576032e-006 1.20739116576032e-006 1.20739116576032e-006 1.44886939891238e-005 1.81108674864048e-006 2.29404321494461e-005
1.20739116576032e-006 1.5092389572004e-005 1.20739116576032e-006 1.81108674864048e-006 1.20739116576032e-006 1.44886939891238e-005 2.41478233152064e-006 3.19958658926484e-005
2.41478233152064e-006 3.07884747268881e-005 2.41478233152064e-006 3.0184779144008e-006 3.62217349728096e-006 0.000117720638661631 3.62217349728096e-006 3.74291261385699e-005
3.0184779144008e-006 2.83736923953675e-005 2.41478233152064e-006 2.41478233152064e-006 3.62217349728096e-006 0.00011349476958147 3.62217349728096e-006 3.92402128872103e-005
2.41478233152064e-006 4.76919510475326e-005 2.41478233152064e-006 2.41478233152064e-006 3.62217349728096e-006 0.000120739116576032 3.62217349728096e-006 4.34660819673715e-005
2.41478233152064e-006 2.89773879782476e-005 2.41478233152064e-006 2.41478233152064e-006 1.1470216074723e-005 8.39136860203421e-005 4.22586908016111e-006 3.56180393899294e-005
2.41478233152064e-006 3.0184779144008e-005 2.41478233152064e-006 3.0184779144008e-006 3.62217349728096e-006 0.000116513247495871 3.62217349728096e-006 3.62217349728096e-005
9.65912932608255e-006 7.18397743627389e-005 6.64065141168175e-006 8.45173816032223e-006 1.56960851548841e-005 0.000725038395039071 9.05543374320239e-006 8.08952081059413e-005
1.38849984062437e-005 6.88212964483382e-005 6.64065141168175e-006 9.05543374320239e-006 1.62997807377643e-005 0.00108061509335548 9.65912932608255e-006 7.30471655284993e-005
1.08665204918429e-005 7.24434699456191e-005 6.03695582880159e-006 8.45173816032223e-006 1.75071719035246e-005 0.000710549701049947 1.02628249089627e-005 8.14989036888215e-005
1.08665204918429e-005 6.8217600865458e-005 1.81108674864048e-005 8.45173816032223e-006 1.5092389572004e-005 0.00108846313593293 9.05543374320239e-006 8.3309990437462e-005
1.26776072404833e-005 7.18397743627389e-005 5.43326024592143e-006 8.45173816032223e-006 1.75071719035246e-005 0.000730471655284993 1.02628249089627e-005 8.39136860203421e-005
4.04476040529707e-005 9.77986844265858e-005 1.44886939891238e-005 2.83736923953675e-005 5.61436892078548e-005 0.00912666982198225 2.35441277323262e-005 0.000158168242714602
3.62217349728096e-005 0.000142472157559718 1.5092389572004e-005 2.6562605646727e-005 4.40697775502516e-005 0.00759267934588376 1.87145630692849e-005 0.000163601502960523
2.77699968124873e-005 9.17617285977842e-005 1.44886939891238e-005 2.59589100638468e-005 5.97658627051358e-005 0.00653198620676332 1.99219542350453e-005 0.00015032020013716
2.71663012296072e-005 9.17617285977842e-005 1.26776072404833e-005 2.6562605646727e-005 5.13141245448135e-005 0.00814264602188759 2.05256498179254e-005 0.000149112808971399
3.19958658926484e-005 0.000120135420993152 1.44886939891238e-005 2.71663012296072e-005 4.22586908016111e-005 0.00654224903167229 2.29404321494461e-005 0.000137038897313796
0.000130398245902114 0.000173260632286606 2.59589100638468e-005 8.51210771861024e-005 0.000171449545537965 0.0228323706401105 3.92402128872103e-005 0.000271059316713191
9.84023800094659e-005 0.000170845849955085 3.50143438070492e-005 8.99506418491437e-005 0.00022759323474582 0.0213720310251234 3.86365173043302e-005 0.00026622975205015
9.90060755923461e-005 0.000172656936703726 3.38069526412889e-005 8.87432506833834e-005 0.000158771938297482 0.0252652638391175 5.13141245448135e-005 0.000291584966531117
9.96097711752263e-005 0.000175071719035246 2.71663012296072e-005 8.87432506833834e-005 0.000156960851548841 0.0203952515720233 4.46734731331318e-005 0.000314525398680563
0.000100817162340987 0.000279511054873514 2.83736923953675e-005 8.51210771861024e-005 0.000156960851548841 0.0198344183755276 5.43326024592143e-005 0.00026502236088439
0.000624221232698085 0.000446131035748438 8.08952081059413e-005 0.000473901032560925 0.000972553584019936 0.592352746573424 0.000108061509335548 0.000656217098590733
0.000580151455147833 0.000435868210839475 9.1158033014904e-005 0.000466656685566363 0.000897091636159917 0.580701421823837 0.00015092389572004 0.00064414318693313
0.000596451235885597 0.000508311680785094 9.35728153464247e-005 0.000480541683972607 0.000903128591988718 0.560023640719026 0.000137038897313796 0.000649576447179051
0.00064655796926465 0.000442508862251157 0.00011530585633011 0.00049321929121309 0.00137884071129828 0.581742796704305 0.000106250422586908 0.000675535357242898
0.000572303412570391 0.000464845598817723 7.00286876140985e-005 0.000469071467897884 0.000894073158245516 0.561855253117484 0.000105646727004028 0.000707531223135547
0.00337888417738025 0.000897091636159917 0.000237252364071903 0.00179357957673695 0.00352678959518589 1.69464956678805 0.000240270841986303 0.00135046701890292
0.00322735658607733 0.000941161413710168 0.000199219542350453 0.00196623651344068 0.00531976547633996 1.73897651865661 0.000230611712660221 0.00129251224294642
0.00298225617942799 0.00101239749249003 0.000205256498179254 0.00180806827072608 0.00388055520675366 1.78900175313197 0.000236044972906142 0.00129975658994098
0.00369522066280945 0.000920032068309363 0.000196804760018932 0.00183040500729264 0.00457963469172889 1.67469501299153 0.000236044972906142 0.00128647528711762
0.00236769407605598 0.00120678747017744 0.000154546069217321 0.00179961653256575 0.00419085473635407 1.64260436689237 0.000234837581740382 0.00129130485178066
